MSE: 28636.332742479113
RMSE: 378.169234767877
PSNR: 52.807793878018025
SSIM: (1.5027719837648215, 2.0901107228598956)
UQI: 3.0143682152209563
MSSSIM: (1.6707081809139082+0j)
ERGAS: 184841.33633972003
SCC: 0.030001722651498735
RASE: 26529.33097229751
SAM: 3.367192092754967
VIF: 0.2620489758270546
PD: 102.78907203674316
