MSE: 29811.665143330894
RMSE: 385.89714763793035
PSNR: 51.92507088304103
SSIM: (1.6213629593164411, 2.1747762543279463)
UQI: 3.110235665526112
MSSSIM: (1.4851745971358497+0j)
ERGAS: 193897.6721989354
SCC: 0.011215830236198805
RASE: 27817.372962894406
SAM: 3.3997756413739983
VIF: 0.17802342663006052
PD: 107.53194618225098
