MSE: 25361.671838124592
RMSE: 354.9276406369045
PSNR: 55.673485570680704
SSIM: (1.5152030216643446, 1.871507918493049)
UQI: 3.403545288787579
MSSSIM: (1.0020035093767752+0.15379739135118328j)
ERGAS: 187659.8985724664
SCC: -0.0023974173821449596
RASE: 26875.182120408586
SAM: 3.116828099771607
VIF: 0.10649066263544275
PD: 92.09472846984863
