MSE: 26625.36415608724
RMSE: 364.132739848606
PSNR: 54.51405482142253
SSIM: (1.5719035601535907, 1.9518709288430252)
UQI: 3.4454380657986587
MSSSIM: (1.7182432655293034+0j)
ERGAS: 169296.990970731
SCC: 0.07128085370526009
RASE: 24370.670216008737
SAM: 2.7006973222588124
VIF: 0.3997253651412248
PD: 118.78298377990723
